0,1631904613843,-0.7769971270091003,-0.0,1.9429444436256749,0.2765177152589271
0,1631904613968,-0.7769970835078921,-0.0,1.9931945649568044,0.31338763633069494
0,1631904614093,-0.7769970563196369,-0.0,2.0419321949902836,0.35222302405301814
0,1631904614218,-0.7769970393269776,-0.0,2.0882843808850122,0.39390550066662894
0,1631904614343,-0.7769970287065654,-0.0,2.132993518878605,0.43733138164593965
0,1631904614468,-0.7769970220688077,-0.0,2.175090575754601,0.4833169958878566
0,1631904614593,-0.7769970179202094,-0.0,2.2147262161447627,0.5314012706471656
0,1631904614718,-0.7769970153273353,-0.0,2.252335522594554,0.5810779938279999
0,1631904614843,2.2868700834576474,0.6329637764229978,-0.7769970137067891,-0.0
0,1631904614968,2.318552439503283,0.6866062711272282,-0.7769970126939475,-0.0
0,1631904615093,2.3478915882861813,0.7415607977967332,-0.7769970120609218,-0.0
0,1631904615218,2.373791517529815,0.7982423042783897,-0.7769970116652805,-0.0
0,1631904615343,2.3965459149716986,0.8562304159098945,-0.7769970114180047,-0.0
0,1631904615468,2.416728698021539,0.9151608152819211,-0.7769970112634573,-0.0
0,1631904615593,2.4332236922208965,0.9752526751708152,-0.7769970111668655,-0.0
0,1631904615718,2.446389037502257,1.036136065544303,-0.7769970111064953,-0.0
0,1631904615843,2.4568501812098837,1.0975412755614098,-0.7769970110687641,-0.0
0,1631904615968,2.46349385214176,1.1595005753654788,-0.7769970110451819,-0.0
0,1631904616093,2.4675577763246013,1.2216779525940966,-0.7769970110304432,-0.0
0,1631904616218,2.467898935313981,1.2840076553892472,-0.7769970110212314,-0.0
0,1631904616343,2.464937756424117,1.3462428292266977,-0.7769970110154742,-0.0
0,1631904616468,2.459328989916394,1.4082927346614356,-0.7769970110118759,-0.0
0,1631904616593,2.4499782361302898,1.4699122338890804,-0.7769970110096268,-0.0
0,1631904616718,2.437345137767922,1.5309190737165246,-0.7769970110082212,-0.0
0,1631904616843,2.422095408357781,1.5913235001116186,-0.7769970110073428,-0.0
0,1631904616968,2.4032040368074883,1.650713951757282,-0.7769970110067935,-0.0
0,1631904617093,2.381156380820986,1.7089819231302594,-0.7769970110064504,-0.0
0,1631904617218,2.356611455439676,1.7662420441381619,-0.776997011006236,-0.0
0,1631904617343,2.3286313811173174,1.8219305280435099,-0.776997011006102,-0.0
0,1631904617468,2.29841481258901,1.876432776894896,-0.7769970110060181,-0.0
0,1631904617593,2.2650455636672913,1.9290870652776873,-0.7769970110059659,-0.0
0,1631904617718,2.2289972374265616,1.9799145882879956,-0.7769970110059329,-0.0
0,1631904617843,2.19086122309543,2.0291912198673914,-0.7769970110059125,-0.0
0,1631904617968,2.149848530395494,2.076128744427166,-0.7769970110058998,-0.0
0,1631904618093,2.106433766821119,2.120820761563097,-0.7769970110058918,-0.0
0,1631904618218,2.0611660747795675,2.1636321666343195,-0.7769970110058867,-0.0
0,1631904618343,2.013398153822394,2.2036691590056305,-0.7769970110058838,-0.0
0,1631904618468,1.9635898152412619,2.2410990813459484,-0.7769970110058817,-0.0
0,1631904618593,1.9122313348772768,2.2763699731800453,-0.7769970110058805,-0.0
0,1631904618718,1.8588274729903025,2.3085038760831282,-0.7769970110058796,-0.0
0,1631904618843,1.8041805701270854,2.3384650737561836,-0.7769970110058794,-0.0
0,1631904618968,1.747865415590577,2.3652034301585747,-0.776997011005879,-0.0
0,1631904619093,1.6902671815889703,2.388987800890399,-0.7769970110058787,-0.0
0,1631904619218,1.6317366103876876,2.4103654629720275,-0.7769970110058784,-0.0
0,1631904619343,1.572023202234136,2.428246217339759,-0.7769970110058785,-0.0
0,1631904619468,1.5114763521807821,2.442960582270101,-0.7769970110058785,-0.0
0,1631904619593,1.4503650948605349,2.4551085949596287,-0.7769970110058785,-0.0
0,1631904619718,-0.7769970110058785,-0.0
0,1631904619843,-0.7769970110058785,-0.0
0,1631904619968,-0.7769970110058785,-0.0
0,1631904620093,-0.7769970110058785,-0.0
0,1631904620218,-0.7769970110058785,-0.0
0,1631904620343,-0.7769970110058785,-0.0
0,1631904620468,-0.7769970110058785,-0.0
0,1631904620593,-0.7769970110058785,-0.0
0,1631904620718,-0.7769970110058785,-0.0
0,1631904620843,-0.7769970110058785,-0.0
0,1631904620968,-0.7769970110058785,-0.0
0,1631904621093,-0.7769970110058785,-0.0
0,1631904621218,-0.7769970110058785,-0.0
0,1631904621343,-0.7769970110058785,-0.0
0,1631904621468,-0.7769970110058785,-0.0
0,1631904621593,-0.7769970110058785,-0.0
0,1631904621718,-0.7769970110058785,-0.0
0,1631904621843,-0.7769970110058785,-0.0
0,1631904621968,-0.7769970110058785,-0.0
0,1631904622093,-0.7769970110058785,-0.0
0,1631904622218,-0.7769970110058785,-0.0
0,1631904622343,-0.7769970110058785,-0.0
0,1631904622468,-0.7769970110058785,-0.0
0,1631904622593,-0.7769970110058785,-0.0
0,1631904622718,-0.7769970110058785,-0.0
0,1631904622843,-0.7769970110058785,-0.0
0,1631904622968,-0.7769970110058785,-0.0
0,1631904623093,-0.7769970110058785,-0.0
0,1631904623218,-0.7769970110058785,-0.0
0,1631904623343,-0.7769970110058785,-0.0
0,1631904623468,0.03386738500378269,1.4387645731979108,-0.7769970110058785,-0.0
0,1631904623593,0.021402869340932006,1.3776036237865166,-0.7769970110058785,-0.0
0,1631904623718,0.010729399733468838,1.3160918260008896,-0.7769970110058785,-0.0
0,1631904623843,0.0018157071266865419,1.2542870103587638,-0.7769970110058785,-0.0
0,1631904623968,-0.005571547082256137,1.1922715520132172,-0.7769970110058785,-0.0
0,1631904624093,-0.011577641835170802,1.1300979542531726,-0.7769970110058785,-0.0
0,1631904624218,-0.016354206798854697,1.0678098567151015,-0.7769970110058785,-0.0
0,1631904624343,-0.02001470731228351,1.0054398507302738,-0.7769970110058785,-0.0
0,1631904624468,-0.02274823312250277,0.9430172334663108,-0.7769970110058785,-0.0
0,1631904624593,-0.024998609660861044,0.880567893935311,-0.7769970110058785,-0.0
0,1631904624718,-0.025858241220737436,0.8415172801915085,-0.7769970110058785,-0.0
0,1631904624843,-0.026186978732407818,0.817105508810896,-0.7769970110058785,-0.0
0,1631904624968,-0.026312466192023688,0.8018467472487354,-0.7769970110058785,-0.0
0,1631904625093,-0.026360060026305882,0.7923096143576458,-0.7769970110058785,-0.0
0,1631904625218,-0.026377866268690358,0.7863487810223114,-0.7769970110058785,-0.0
0,1631904625343,-0.0263843579369512,0.7826232193212276,-0.7769970110058785,-0.0
0,1631904625468,-0.02638661051939219,0.7802947292409489,-0.7769970110058785,-0.0
0,1631904625593,-0.026387315082476978,0.7788394179367876,-0.7769970110058785,-0.0
0,1631904625718,-0.0263874811177362,0.7779298465315224,-0.7769970110058785,-0.0
0,1631904625843,-0.02638747783560202,0.7773613637122861,-0.7535595110058785,-0.0
0,1631904625968,-0.026387433990930895,0.7770060616871534,-0.7154735735058785,-0.0
0,1631904626093,-0.02638739026853331,0.7767839978203235,-0.6682323625683785,-0.0
0,1631904626218,-0.02638735656871658,0.776645207864458,-0.615269105732441,-0.0
0,1631904626343,-0.026387333017114836,0.7765584641268686,-0.55872957020998,-0.0
0,1631904626468,-0.02638731732510181,0.7765042492849721,-0.49995486050844196,-0.0
0,1631904626593,-0.026387307137825403,0.7764703650064864,-0.4397831669449806,-0.0
0,1631904626718,-0.026387300622435945,0.7764491873315361,-0.3787383584678174,-0.0
0,1631904626843,-0.026387296492372855,0.7764359512843422,-0.31714785316959027,-0.0
0,1631904626968,-0.026387293888449053,0.7764276787547091,-0.25521628735819835,-0.0
0,1631904627093,-0.026387292252155192,0.7764225084236352,-0.19307155872607837,-0.0
0,1631904627218,-0.02638729122601787,0.7764192769666931,-0.13079360333100343,-0.0
0,1631904627343,-0.026387290583332938,0.776417257306096,-0.06843238120908154,-0.0
0,1631904627468,-0.026387290181127898,0.7764159950182199,-0.0060191173828803846,-0.0
0,1631904627593,-0.026387289929543863,0.7764152060882958,0.05642667250849535,-0.0
0,1631904627718,-0.026387289772223495,0.7764147130070931,0.11889279119060517,-0.0
0,1631904627843,-0.026387289673866797,0.776414404831341,0.1813716153669238,-0.0
0,1631904627968,-0.02638728961238163,0.7764142122214961,0.24385838047712294,-0.0
0,1631904628093,-0.026387289573948612,0.7764140918403427,0.3063501086709974,-0.0
0,1631904628218,-0.026387289549926047,0.7764140166021222,0.3688449387921689,-0.0
0,1631904628343,-0.026387289534911238,0.7764139695782339,0.4313417076179012,-0.0
0,1631904628468,-0.026387289525526735,0.776413940188304,0.4938396881339838,-0.0
0,1631904628593,-0.02638728951966128,0.7764139218195977,0.5563384259565355,-0.0
0,1631904628718,-0.026387289515995296,0.7764139103391563,0.6188375914321512,9.556512825000824e-05
0,1631904628843,-0.026387289513704035,0.7764139031638805,0.6813369811445285,0.0001805064560684792
0,1631904628968,-0.026387289512271955,0.7764138986793331,0.7438353954233028,0.0005911290715975713
0,1631904629093,-0.026387289511376942,0.776413895876491,0.8063286767523747,0.0014244144193315635
0,1631904629218,-0.026387289510817574,0.7764138941247145,0.8688176204931173,0.0023961251030093235
0,1631904629343,-0.026387289510467933,0.7764138930298543,0.9312853354129147,0.004293468368820874
0,1631904629468,-0.026387289510249424,0.7764138923455668,0.9937393075321149,0.006468488823639675
0,1631904629593,-0.026387289510112866,0.7764138919178868,1.0561368314905917,0.00989941962692111
0,1631904629718,-0.026387289510027515,0.7764138916505872,1.1184475827657323,0.014502771235026036
0,1631904629843,-0.026387289509974182,0.7764138914835245,1.1806898790463694,0.019843125931099936
0,1631904629968,-0.02638728950994085,0.7764138913791109,1.2427388343751318,0.02709981688204903
0,1631904630093,-0.02638728950991998,0.7764138913138521,1.3045427063160009,0.0360743979476199
0,1631904630218,-0.026387289509906944,0.7764138912730654,1.3661468158877499,0.04625293037908066
0,1631904630343,-0.026387289509898756,0.7764138912475734,1.4272965257237482,0.05889534145285472
0,1631904630468,-0.026387289509893715,0.7764138912316412,1.487930853523669,0.07370510404589643
0,1631904630593,-0.02638728950989057,0.7764138912216835,1.5481387011215615,0.09011176136235154
0,1631904630718,-0.026387289509888587,0.77641389121546,1.607505467808531,0.10936516561073058
0,1631904630843,-0.0263872895098874,0.7764138912115702,1.6659817239506107,0.13108918798059654
0,1631904630968,-0.026387289509886634,0.7764138912091392,1.7237166502232608,0.15468035830153548
0,1631904631093,-0.026387289509886183,0.7764138912076197,1.7801277264074686,0.18131008385275263
0,1631904631218,-0.026387289509885926,0.7764138912066703,1.8352001321078197,0.21054286253113144
0,1631904631343,-0.026387289509885767,0.7764138912060767,1.8891572266242922,0.24176627258638128
0,1631904631468,-0.02638728950988566,0.7764138912057055,1.9412596423186221,0.2760241090008651
0,1631904631593,-0.02638728950988555,0.776413891205474,1.9915472041580125,0.31284359229450054
0,1631904631718,-0.02638728950988548,0.7764138912053289,2.040326355631704,0.35162735678940105
0,1631904631843,-0.026387289509885486,0.7764138912052383,2.086724161234235,0.39325951041046786
0,1631904631968,-0.026387289509885503,0.7764138912051816,2.131483048294718,0.43663450285742184
0,1631904632093,-0.026387289509885514,0.7764138912051461,2.173633584238922,0.48257144852300266
0,1631904632218,-0.026387289509885545,0.7764138912051242
0,1631904632343,-0.026387289509885534,0.7764138912051104
0,1631904632468,-0.026387289509885555,0.7764138912051018
0,1631904632593,-0.026387289509885545,0.7764138912050965
0,1631904632718,-0.02638728950988549,0.7764138912050929
0,1631904632843,-0.026387289509885517,0.7764138912050907
0,1631904632968,-0.026387289509885545,0.7764138912050894
0,1631904633093,-0.026387289509885545,0.7764138912050886
0,1631904633218,-0.026387289509885555,0.7764138912050881
0,1631904633343,-0.026387289509885576,0.776413891205088
0,1631904633468,-0.026387289509885573,0.7764138912050874
0,1631904633593,-0.026387289509885573,0.7764138912050874
0,1631904633718,-0.026387289509885573,0.7764138912050873
0,1631904633843,-0.026387289509885573,0.7764138912050873
0,1631904633968,-0.026387289509885573,0.7764138912050873,2.464524983116154,1.3451411061237302
0,1631904634093,-0.026387289509885573,0.7764138912050873,2.4589860760447046,1.4071971150622105
0,1631904634218,-0.026387289509885573,0.7764138912050873,2.449702486111974,1.4688266310727363
0,1631904634343,-0.026387289509885573,0.7764138912050873,2.4371343644066963,1.5298466955450076
0,1631904634468,-0.026387289509885573,0.7764138912050873,2.42194825452126,1.5902669439658226
0,1631904634593,-0.026387289509885573,0.7764138912050873,2.4031172363760267,1.6496763927842544
0,1631904634718,-0.026387289509885573,0.7764138912050873,2.3811272592797956,1.7079659385193762
0,1631904634843,-0.026387289509885573,0.7764138912050873,2.356638195717485,1.7652497501324822
0,1631904634968,-0.026387289509885573,0.7764138912050873,2.3287104388661293,1.8209643052151794
0,1631904635093,-0.026387289509885573,0.7764138912050873,2.2985444728328948,1.8754943820207868
0,1631904635218,-0.026387289509885573,0.7764138912050873,2.2652223597021295,1.9281783497773581
0,1631904635343,-0.026387289509885573,0.7764138912050873,2.229218353352413,1.9790370609898604
0,1631904635468,-0.026387289509885573,0.7764138912050873,2.191124682012805,2.0283462105724293
0,1631904635593,-0.026387289509885573,0.7764138912050873,2.1501508284478197,2.075317455973597
0,1631904635718,-0.026387289509885573,0.7764138912050873,2.106772049981681,2.1200441613626366
0,1631904635843,-0.026387289509885573,0.7764138912050873,2.0615382861414417,2.1628911667938637
0,1631904635968,-0.026387289509885573,0.7764138912050873,2.0138009152616645,2.202964370570421
0,1631904636093,-0.026387289509885573,0.7764138912050873,1.9640203733236168,2.2404309863226426
0,1631904636218,-0.02598762979473264,0.776409529168718,1.912687671305257,2.2757391104643383
0,1631904636343,-0.025710480190662098,0.7529704946872261,1.8593064364063445,2.307910349053928
0,1631904636468,-0.025484003893247904,0.7148859080926102,1.8046803890149412,2.337909297436882
0,1631904636593,-0.025139736259487785,0.667647384710244,1.7483832116611813,2.3646852579243873
0,1631904636718,1.6908006102940203,2.388507133413224,-0.024539016234355077,0.6146888612307024
0,1631904636843,1.6322839252309007,2.4099224299402695,-0.023765085289488203,0.558155787910548
0,1631904636968,1.5725817416670087,2.4278403034600284,-0.02273173693160207,0.49939093257057715
0,1631904637093,1.5120439426153622,2.4425913809775723,-0.02158030394567489,0.4392307858938448
0,1631904637218,1.450940084254442,2.4547759903468207,-0.020310953938285824,0.37819938066320113
0,1631904637343,-0.01891437772537799,0.31662480187433245
0,1631904637468,-0.017514922516833103,0.2547090772215677
0,1631904637593,-0.01610432653204421,0.1925803481293427
0,1631904637718,-0.0146695650722163,0.13031892827341593
0,1631904637843,-0.013300091989148555,0.06797274870794587
0,1631904637968,-0.011938451631159695,0.005574376971591681
0,1631904638093,-0.01066076069220138,-0.05685830276522443
0,1631904638218,-0.009449441581950054,-0.11931259019660224
0,1631904638343,-0.008288969291476173,-0.18178052667018285
0,1631904638468,-0.007227435463644238,-0.24425817402979594
0,1631904638593,-0.006247232062168591,-0.30674208506970363
0,1631904638718,-0.0053342952183762305,-0.3692301138679318
0,1631904638843,-0.004516108877735595,-0.43172141155725213
0,1631904638968,-0.00376261730311623,-0.4942147355151359
0,1631904639093,-0.0031110250106920626,-0.5567099714842154
0,1631904639218,-0.002679673374435492,-0.6192075467537344
0,1631904639343,-0.00230145161928281,-0.6817053861118128
0,1631904639468,-0.002397626199572115,-0.7442045288375448
0,1631904639593,-0.002589346636980975,-0.8067020840654419
0,1631904639718,-0.0035436142098701,-0.8691927302249772
0,1631904639843,-0.004703136977604114,-0.9316765296913064
0,1631904639968,-0.006947641490074468,-0.9941307267732107
0,1631904640093,-0.010226453431861045,-1.0565303253876739
0,1631904640218,-0.014129326364745561,-1.1188857707731603
0,1631904640343,-0.019780614422409023,-1.1811076307431765
0,1631904640468,-0.02701245333823002,-1.243148132190322
0,1631904640593,-0.03533124966830062,-1.3050402382391537
0,1631904640718,-0.04597574202451084,-1.366577809648625
0,1631904640843,-0.05867625541671612,-1.4276992088992821
0,1631904640968,-0.07287646285065577,-1.4884759970309496
0,1631904641093,0.03405512149005254,1.4390848738632698,-0.08983187923732645,-1.548549088191528
0,1631904641218,0.021573046463984825,1.3779275695747026,-0.1091884635298543,-1.6078618443275663
0,1631904641343,0.010882400778979163,1.3164188168341944,-0.13034991974471108,-1.6665414073343177
0,1631904641468,0.0019526217540405027,1.2546163752630508,-0.15451437151793032,-1.7240610493533752
0,1631904641593,-0.0054498465720228765,1.1926027867672868,-0.181262600557242,-1.7803919573175182
0,1631904641718,-0.011470540754750522,1.1304306517255134,-0.20998199961344602,-1.8357318244521026
0,1631904641843,-0.016260532662498734,1.068143626922231,-0.24175861302251775,-1.889391868124076
0,1631904641968,-0.019933848269466776,1.0057744119041752,-0.27612923942088125,-1.9413923034482616
0,1631904642093,-0.022679066111701125,0.9433523386392485,-0.31248885611577726,-1.9920119210635683
0,1631904642218,-0.02494092665990062,0.8809034348102275,-0.35177417490385005,-2.0404197729458886
0,1631904642343,-0.025807184139792234,0.8418529723377371,-0.39284795049758087,-2.087305595575595
0,1631904642468,-0.02613986133228796,0.8174412545100256,-0.4365876273324572,-2.1317376731770175
0,1631904642593,-0.02626773612495008,0.8021825118573837,-0.4825297449303866,-2.1738432016738725
0,1631904642718,-0.026316793726907112,0.7926453854368884,-0.5301483248628529,-2.2140315384019766
0,1631904642843,-0.026335504007835717,0.786684554137388,-0.5801247044395593,-2.2512801798821553
0,1631904642968,-0.026342556535978532,0.7829589929435571,-0.631997505493567,-2.2857876540426716
0,1631904643093,-0.026345158044249313,0.780630502886094,-0.6852965565180953,-2.3180397520777647
0,1631904643218,-0.026346080060149123,0.7791751914823943,-0.7405019627872338,-2.3469555565484086
0,1631904643343,-0.026346381759861145,0.7782656199707397,-0.7971785196172468,-2.3728061578428066
0,1631904643468,-0.026346463173093016,0.7776971370678201,-0.8549317390313086,-2.3961462264611546
0,1631904643593,-0.026346472226003,0.7773418349836865,-0.9140445252564012,-2.415865067689582
0,1631904643718,-0.02634646155014499,0.7771197710773686,-0.9741274841396351,-2.432301076117637
0,1631904643843,-0.026346448498774697,0.7769809810958036,-1.034877296757223,-2.446065441665563
0,1631904643968,-0.02634643785024937,0.7768942373417537,-1.0963876404752593,-2.4560418974633405
0,1631904644093,-0.026346430221798937,0.776840022489414,-1.1582549274489276,-2.463452494674689
0,1631904644218,-0.026346425073913198,0.776806138204341,-1.2204754953162595,-2.4671466764016134
0,1631904644343,-0.026346421708011665,0.7767849605252495,-1.2827791554547379,-2.4675322604524466
0,1631904644468,-0.026346419546327278,0.7767717244754581,-1.345039748585161,-2.465259357028672
0,1631904644593,-0.026346418172620133,0.776763451944198,-1.4070704956430153,-2.459218408954251
0,1631904644718,-0.026346417305203883,0.7767582816121059,-1.4686638425596883,-2.4498600442777843
0,1631904644843,-0.026346416759612024,0.776755050154527,-1.5297941199071698,-2.4378506491098118
0,1631904644968,-0.026346416417266812,0.7767530304935316,-1.5901039524287364,-2.422142892246113
0,1631904645093,-0.026346416202773594,0.7767517682054065,-1.649458463470913,-2.4032170254738063
0,1631904645218,-0.026346416068509272,0.776750979275327,-1.7079368892203306,-2.3817381437359355
0,1631904645343,-0.026346415984513625,0.7767504861940266,-1.7650250133458025,-2.356739245527436
0,1631904645468,-0.026346415931984935,0.7767501780182138,-1.821044250020062,-2.3294392245219564
0,1631904645593,-0.026346415899142203,0.7767499854083306,-1.8753814473900905,-2.298888107070217
0,1631904645718,-0.026346415878610724,0.7767498650271537,-1.9280325661648496,-2.265560976591894
0,1631904645843,-0.026346415865776615,0.7767497897889181,-1.9792419004124746,-2.230063506601909
0,1631904645968,-0.026346415857754633,0.7767497427650207,-2.0282634633689525,-2.1915668454052653
0,1631904646093,-0.026346415852740616,0.7767497133750848,-2.0751657398700054,-2.1505506240018524
0,1631904646218,-0.02634641584960669,0.7767496950063753,-2.1202843120456993,-2.1075827674455385
0,1631904646343,-0.02634641584764799,0.7767496835259314,-2.162760550984694,-2.06197076919582
0,1631904646468,-0.026346415846423797,0.7767496763506542,-2.202737541558846,-2.0141830784779544
0,1631904646593,-0.026346415845658618,0.7767496718661059,-2.2406370870221237,-1.964732972553158
0,1631904646718,-0.026346415845180347,0.7767496690632631,-2.275508753263153,-1.9130755186532646
0,1631904646843,-0.026346415844881482,0.7767496673114864,-2.3082735038075333,-1.8600623254440274
0,1631904646968,-0.026346415844694663,0.776749666216626,-2.3379052771607833,-1.8052146352237457
0,1631904647093,-0.026346415844577867,0.7767496655323383,-2.3646525468038013,-1.7489312914434958
0,1631904647218,-0.026346415844504863,0.7767496651046583,-2.389043557249774,-1.691591138172859
0,1631904647343,-0.02634641584445921,0.7767496648373584,-2.410003181158207,-1.6328877134849986
0,1631904647468,-0.026346415844430753,0.7767496646702959,-2.4278433308461542,-1.5731871982839831
0,1631904647593,-0.02634641584441292,0.776749664565882,-2.443149193139748,-1.5127894957187524
0,1631904647718,-0.026346415844401744,0.7767496645006232
0,1631904647843,-0.02634641584439476,0.7767496644598365
0,1631904647968,-0.02634641584439044,0.7767496644343448
0,1631904648093,-0.026346415844387672,0.7767496644184123
0,1631904648218,-0.02634641584438595,0.7767496644084547
0,1631904648343,-0.026346415844384897,0.7767496644022311
0,1631904648468,-0.026346415844384217,0.7767496643983415
0,1631904648593,-0.02634641584438385,0.7767496643959104
0,1631904648718,-0.02634641584438356,0.7767496643943912
0,1631904648843,-0.026346415844383356,0.7767496643934416
0,1631904648968,-0.026346415844383297,0.776749664392848
0,1631904649093,-0.026346415844383252,0.776749664392477
0,1631904649218,-0.026346415844383193,0.7767496643922451
0,1631904649343,-0.026346415844383127,0.7767496643921001
0,1631904649468,-0.02634641584438307,0.7767496643920095
0,1631904649593,-0.02634641584438309,0.7767496643919528
0,1631904649718,-0.0263464158443831,0.7767496643919176
0,1631904649843,-0.026346415844383134,0.7767496643918954
0,1631904649968,-0.026346415844383134,0.7767496643918815
0,1631904650093,-0.026346415844383166,0.7767496643918729
0,1631904650218,-0.02634641584438314,0.7767496643918674
0,1631904650343,-0.0263464158443831,0.7767496643918642
0,1631904650468,-0.026346415844383127,0.7767496643918621
0,1631904650593,-0.026346415844383145,0.7767496643918608
0,1631904650718,-0.026346415844383155,0.7767496643918601
0,1631904650843,-0.026346415844383155,0.7767496643918593
0,1631904650968,-0.026346415844383176,0.7767496643918592
0,1631904651093,-0.026346415844383173,0.7767496643918589
0,1631904651218,-0.026346415844383173,0.7767496643918589
0,1631904651343,-0.026346415844383173,0.7767496643918587
0,1631904651468,-0.026346415844383173,0.7767496643918587
0,1631904651593,-0.026346415844383173,0.7767496643918587,-1.4392161867141933,-0.03230246496484243
0,1631904651718,-0.026346415844383173,0.7767496643918587,-1.3780703742016633,-0.019780106736798912
0,1631904651843,-0.026346415844383173,0.7767496643918587,-1.316564759071775,-0.00908574739188413
0,1631904651968,-0.026346415844383173,0.7767496643918587,-1.25476130752234,-0.0001762072499391388
0,1631904652093,-0.026346415844383173,0.7767496643918587,-1.192744031796651,0.007184088470253792
0,1631904652218,-0.026346415844383173,0.7767496643918587,-1.1305667095912135,0.013141160355220885
0,1631904652343,-0.026346415844383173,0.7767496643918587,-1.0682747251075084,0.017857182793294516
0,1631904652468,-0.026346415844383173,0.7767496643918587,-1.0059007983685402,0.021441847304261734
0,1631904652593,-0.026346415844383173,0.7767496643918587,-0.94347501194245,0.02409410195353817
0,1631904652718,-0.026346415844383173,0.7767496643918587,-0.8810227108065548,0.02625639028216238
0,1631904652843,-0.026346415844383173,0.7767496643918587,-0.8419708762808078,0.02705690357931308
0,1631904652968,-0.026346415844383173,0.7767496643918587,-0.817558618211901,0.0273471591453238
0,1631904653093,-0.026346415844383173,0.7767496643918587,-0.8022996668232619,0.02744801176607313
0,1631904653218,-0.026346415844383173,0.7767496643918587,-0.79276246136494,0.027479984891506107
0,1631904653343,-0.026346415844383173,0.7767496643918587,-0.7868016009887241,0.02748794175566708
0,1631904653468,-0.026346415844383173,0.7767496643918587,-0.7830760296136108,0.02748824406067076
0,1631904653593,-0.026346415844383173,0.7767496643918587,-0.7807475363270003,0.027486615269608054
0,1631904653718,-0.026346415844383173,0.7767496643918587,-0.7792922241322943,0.027484888903854428
0,1631904653843,-0.026346415844383173,0.7767496643918587,-0.7783826526063408,0.027483533631928653
0,1631904653968,-0.026346415844383173,0.7767496643918587,-0.7778141698821841,0.02748257876164299
0,1631904654093,-0.026346415844383173,0.7767496643918587,-0.7774588679831385,0.027481939873380434
0,1631904654218,-0.026346415844383173,0.7767496643918587,-0.7772368042211673,0.02748152413121965
0,1631904654343,-0.026346415844383173,0.7767496643918587,-0.7770980143410189,0.027481257873159404
0,1631904654468,-0.026346415844383173,0.7767496643918587,-0.7770112706547303,0.02748108895473257
0,1631904654593,-0.026346415844383173,0.7767496643918587,-0.7769570558464508,0.027480982401453618
0,1631904654718,-0.026346415844383173,0.7767496643918587,-0.7769231715895831,0.02748091542315175
0,1631904654843,-0.026346415844383173,0.7767496643918587,-0.7769019939283811,0.02748087341230333
0,1631904654968,-0.026346415844383173,0.7767496643918587,-0.7768887578898722,0.027480847097161212
0,1631904655093,-0.026346415844383173,0.7767496643918587,-0.7768804853657039,0.02748083062740007
0,1631904655218,-0.026346415844383173,0.7767496643918587,-0.7768753150380593,0.027480820324894243
0,1631904655343,-0.026346415844383173,0.7767496643918587,-0.7768720835832663,0.027480813882349565
0,1631904655468,-0.026346415844383173,0.7767496643918587,-0.7768700639240146,0.027480809854400354
0,1631904655593,-0.026346415844383173,0.7767496643918587,-0.7768688016369799,0.027480807336401295
0,1631904655718,-0.026346415844383173,0.7767496643918587,-0.7768680127075825,0.02748080576244456
0,1631904655843,-0.026346415844383173,0.7767496643918587,-0.7768675196267084,0.0274808047786406
0,1631904655968,-0.026346415844383173,0.7767496643918587,-0.7768672114511621,0.027480804163731495
0,1631904656093,-0.026346415844383173,0.7767496643918587,-0.7768670188414458,0.027480803779400938
0,1631904656218,-0.026346415844383173,0.7767496643918587,-0.7768668984603727,0.027480803539189524
0,1631904656343,-0.026346415844383173,0.7767496643918587,-0.7768668232222021,0.027480803389055505
0,1631904656468,-0.026346415844383173,0.7767496643918587,-0.7768667761983457,0.027480803295221005
0,1631904656593,-0.026346415844383173,0.7767496643918587,-0.7768667468084354,0.027480803236574133
0,1631904656718,-0.026346415844383173,0.7767496643918587,-0.7768667284397416,0.027480803199919763
0,1631904656843,-0.026346415844383173,0.7767496643918587,-0.7768667169593076,0.027480803177010703
0,1631904656968,-0.026346415844383173,0.7767496643918587,-0.7768667097840366,0.027480803162692545
0,1631904657093,-0.026346415844383173,0.7767496643918587,-0.7768667052994922,0.027480803153743693
0,1631904657218,-0.025946195831370155,0.776745232973267,-0.7768667024966518,0.02748080314815064
0,1631904657343,-0.02567201248904852,0.7533061548345895,-0.7768667007448768,0.027480803144654994
0,1631904657468,-0.025450359868089537,0.7152215407045818,-0.7768666996500173,0.027480803142470214
0,1631904657593,-0.025111795380657508,0.6679829816750402,-0.7768666989657302,0.027480803141104713
0,1631904657718,-0.7768666985380506,0.027480803140251305,-0.024517124257636972,0.615024396675522
0,1631904657843,-0.7768666982707508,0.027480803139717895,-0.023748967287713273,0.5584912511318247
0,1631904657968,-0.7768666981036888,0.02748080313938454,-0.02272110232694101,0.4997263049745195
0,1631904658093,-0.7768666979992748,0.027480803139176172,-0.021574562839908377,0.4395660691961849
0,1631904658218,-0.776866697934016,0.027480803139045946,-0.020309550659864964,0.3785345766868015
0,1631904658343,-0.7768666978932295,0.027480803138964564,-0.01891679371238366,0.3169599130517413
0,1631904658468,-0.7768666978677377,0.027480803138913688,-0.017520558808390943,0.25504411678849764
0,1631904658593,-0.7768666978518053,0.027480803138881894,-0.016112663257304635,0.19291532656653285
0,1631904658718,-0.7768666978418477,0.027480803138862028,-0.014680131705145497,0.1306538550229802
0,1631904658843,-0.7768666978356242,0.0274808031388496,-0.013312426124539839,0.06830763621189626
0,1631904658968,-0.7768666978317345,0.027480803138841846,-0.011952153859679696,0.005909233954799999
0,1631904659093,-0.7768666978293035,0.027480803138836985,-0.010675465590961969,-0.056523466966046536
0,1631904659218,-0.7768666978277838,0.027480803138833956,-0.009464831765286938,-0.11897776853209154
0,1631904659343,-0.7768666978268346,0.027480803138832065,-0.00830474785442275,-0.1814457130389953
0,1631904659468,-0.7768666978262407,0.027480803138830886,-0.007243367268932441,-0.2439233637107928
0,1631904659593,-0.7768666978258698,0.027480803138830133,-0.006263109351298496,-0.30640727456473915
0,1631904659718,-0.7768666978256381,0.02748080313882967,-0.005349917350499022,-0.36889530020231903
0,1631904659843,-0.7768666978254931,0.02748080313882939,-0.00453134555077779,-0.43138659330842427
0,1631904659968,-0.7768666978254026,0.02748080313882921,-0.003777315651404862,-0.49387991114734864
0,1631904660093,-0.7768666978253459,0.027480803138829085,-0.0031251131479056444,-0.556375141067649
0,1631904660218,-0.7768666978253105,0.02748080313882901,-0.0026930145087832947,-0.6188727115073018
0,1631904660343,-0.7768666978252883,0.027480803138828985,-0.002313969922676445,-0.6813705464378923
0,1631904660468,-0.7768666978252746,0.02748080313882896,-0.0024091530677002766,-0.7438696912809557
0,1631904660593,-0.776866697825266,0.027480803138828957,-0.0025997998839058286,-0.8063672513858731
0,1631904660718,-0.7768666978252604,0.02748080313882891,-0.0035527352659447307,-0.8688579195953714
0,1631904660843,-0.7768666978252573,0.02748080313882893,-0.004710797283986015,-0.9313417502529869
0,1631904660968,-0.776866697825255,0.0274808031388289,-0.006953477525207551,-0.9937960173259298
0,1631904661093,-0.7768666978252537,0.02748080313882891,-0.01023011348032626,-1.0561957406390394
0,1631904661218,-0.7768666978252529,0.027480803138828912,-0.01413051121636963,-1.118551356872815
0,1631904661343,-0.7768666978252521,0.027480803138828905,-0.019778790018827798,-1.180773506711443
0,1631904661468,-0.7768666978252521,0.02748080313882892,-0.027007122896353195,-1.2428144437538589
0,1631904661593,-0.7768666978252519,0.027480803138828915,-0.03532194089426609,-1.304707118676075
0,1631904661718,-0.7768666978252518,0.027480803138828915,-0.045961837626349325,-1.3662455193406364
0,1631904661843,-0.7768666978252515,0.027480803138828915,-0.05865718751054322,-1.4273680376999895
0,1631904661968,-0.7768666978252515,0.027480803138828915,-0.07285165359857665,-1.4881462199990456
0,1631904662093,-0.7768666978252515,0.027480803138828915,-0.08980075005445039,-1.5482211469254068
0,1631904662218,-0.7768666978252515,0.027480803138828915,-0.1091504842792966,-1.6075362005102052
0,1631904662343,-0.7768666978252515,0.027480803138828915,-0.1303045138273136,-1.6662185078023415
0,1631904662468,-0.7768666978252515,0.027480803138828915,-0.15446112424708136,-1.7237415086092993
0,1631904662593,-0.7768666978252515,0.027480803138828915,-0.18120113116297776,-1.7800763909822603
0,1631904662718,-0.7768666978252515,0.027480803138828915,-0.20991184572260413,-1.8354208361059825
0,1631904662843,-0.7768666978252515,0.027480803138828915,-0.2416796206375236,-1.8890861833541874
0,1631904662968,-0.7768666978252515,0.027480803138828915,-0.2760412612339242,-1.9410926276585287
0,1631904663093,-0.7768666978252515,0.027480803138828915,-0.3123916315770662,-1.9917189541248248
0,1631904663218,-0.7768666978252515,0.027480803138828915,-0.3516678559136162,-2.0401342532014253
0,1631904663343,-0.7768666978252515,0.027480803138828915,-0.3927323774981901,-2.0870282452311
0,1631904663468,-0.7768666978252515,0.027480803138828915,-0.4364631161698127,-2.1314691846970995
0,1631904663593,-0.7768666978252515,0.027480803138828915,-0.48239655694768485,-2.1735842342390304
0,1631904663718,-0.7768666978252515,0.027480803138828915,-0.5300065632119038,-2.2137827765310107
0,1631904663843,-0.7768666978252515,0.027480803138828915
0,1631904663968,-0.7768666978252515,0.027480803138828915
0,1631904664093,-0.7768666978252515,0.027480803138828915
0,1631904664218,-0.7768666978252515,0.027480803138828915
0,1631904664343,-0.7768666978252515,0.027480803138828915
0,1631904664468,-0.7768666978252515,0.027480803138828915
0,1631904664593,-0.7768666978252515,0.027480803138828915
0,1631904664718,-0.7768666978252515,0.027480803138828915
0,1631904664843,-0.7768666978252515,0.027480803138828915
0,1631904664968,-0.7768666978252515,0.027480803138828915
0,1631904665093,-0.7768666978252515,0.027480803138828915
0,1631904665218,-0.7768666978252515,0.027480803138828915
0,1631904665343,-0.7768666978252515,0.027480803138828915
0,1631904665468,-1.344842983537228,-2.4651860394038794,-0.7768666978252515,0.027480803138828915
0,1631904665593,-1.4068749023423828,-2.4591573671982494,-0.7768666978252515,0.027480803138828915
0,1631904665718,-1.4684700273794906,-2.449810929392495,-0.7768666978252515,0.027480803138828915
0,1631904665843,-1.5296025717329031,-2.437813256433822,-0.7768666978252515,0.027480803138828915
0,1631904665968,-1.5899152842909252,-2.422116670077751,-0.7768666978252515,0.027480803138828915
0,1631904666093,-1.6492731747304452,-2.4032015225432053,-0.7768666978252515,0.027480803138828915
0,1631904666218,-1.707755387858245,-2.3817330600543354,-0.7768666978252515,0.027480803138828915
0,1631904666343,-1.764847771550913,-2.356743963875516,-0.7768666978252515,0.027480803138828915
0,1631904666468,-1.820871609650043,-2.3294534565457,-0.7768666978252515,0.027480803138828915
0,1631904666593,-1.8752137831352127,-2.298911241112018,-0.7768666978252515,0.027480803138828915
0,1631904666718,-1.92787018395712,-2.265592516056531,-0.7768666978252515,0.027480803138828915
0,1631904666843,-1.9790850657016232,-2.230103106325512,-0.7768666978252515,0.027480803138828915
0,1631904666968,-2.028112431318228,-2.1916138767459934,-0.7768666978252515,0.027480803138828915
0,1631904667093,-2.075020716290636,-2.1506045748269202,-0.7768666978252515,0.027480803138828915
0,1631904667218,-2.1201454851077406,-2.107643270874449,-0.7768666978252515,0.027480803138828915
0,1631904667343,-2.162628064719003,-2.0620372119069383,-0.7768666978252515,0.027480803138828915
0,1631904667468,-2.2026115103484267,-2.014254960440496,-0.7768666978252515,0.027480803138828915
0,1631904667593,-2.2405176286620994,-1.964809928885045,-0.7768666978252515,0.027480803138828915
0,1631904667718,-2.2753959153063725,-1.9131569721574895,-0.7768629601399579,0.027080146056315348
0,1631904667843,-2.3081673782353067,-1.8601479549762077,-0.7534243965092182,0.026764531177137407
0,1631904667968,-2.337805862570369,-1.8053039113676868,-0.7153402187422851,0.02647931379234185
0,1631904668093,-2.364559845449393,-1.749023783272221,-0.6681022558250616,0.026064102824556828
0,1631904668218,-2.388957607589254,-1.691686526483276,-0.615144666249059,0.02538399889306989
0,1631904668343,-2.409923911771428,-1.6329855057054004,-0.5586127118801117,0.024530253107319266
0,1631904668468,-2.427770685714846,-1.5732869924723976,-0.49984930859988935,0.02341576246957069
0,1631904668593,-2.4430831644372613,-1.512890988188813,-0.4396906576994245,0.02218726241546602
0,1631904668718,-0.37866079629844523,0.020844724302191118
0,1631904668843,-0.31708782547867115,0.019378380208939425
0,1631904668968,-0.25517355986337836,0.01791537017486666
0,1631904669093,-0.1930461793677938,0.016446534394101053
0,1631904669218,-0.13078602398872122,0.014958098821097466
0,1631904669343,-0.06844091663355556,0.013540889948641886
0,1631904669468,-0.006043516624003071,0.012135820148449064
0,1631904669593,0.05638836103728618,0.010819933533193186
0,1631904669718,0.11884197262763349,0.009574863670242337
0,1631904669843,0.1813093346610849,0.00838453071248529
0,1631904669968,0.24378652927369346,0.007297308470755207
0,1631904670093,0.3062700777633032,0.006294984753798402
0,1631904670218,0.3687578160057333,0.005363088645754669
0,1631904670343,0.431248894871123,0.004529025733031288
0,1631904670468,0.49374204953384415,0.0037622736052125745
0,1631904670593,0.5562369931219611,0.0030832070509245178
0,1631904670718,0.6187339958840979,0.0025732497403532784
0,1631904670843,0.6812315282755685,0.0021166803867622144
0,1631904670968,0.7437309356878132,0.002057665364282402
0,1631904671093,0.8062275865140495,0.0024824699468965388
0,1631904671218,0.8687200585304561,0.003099721189691706
0,1631904671343,0.9311951692185002,0.0046971419952152715
0,1631904671468,0.993656275309669,0.006617696240219338
0,1631904671593,1.0560638515798575,0.00983777667883831
0,1631904671718,1.118385586707953,0.01426801072604676
0,1631904671843,1.1806380245574348,0.01946949593225607
0,1631904671968,1.2426981729801252,0.026616992793098558
0,1631904672093,1.304512437438249,0.03550824857116414
0,1631904672218,1.3661247936838137,0.04562723952133279
0,1631904672343,1.4272816483155915,0.05822834755660437
0,1631904672468,1.4879207870243156,0.0730127691163215
0,1631904672593,-1.4406795485389938,-0.03272929794468346,1.5481302777211163,0.0894089531208831
0,1631904672718,-1.3795333856603311,-0.020206267215050075,1.6074963454465165,0.10866130102027773
0,1631904672843,-1.3180285044664433,-0.009505398624808273,1.6659690010121204,0.1303925200848124
0,1631904672968,-1.2562262380920537,-0.00058540597712771,1.72369703884472,0.15399871757215447
0,1631904673093,-1.1942104156749374,0.006789093964595066,1.780098916961884,0.18064660901464927
0,1631904673218,-1.1320346743784844,0.012764447080042346,1.8351597457786992,0.2099003309503661
0,1631904673343,-1.0697440807688043,0.01750055442545527,1.8891028068782016,0.2411474781630586
0,1631904673468,-1.007371402424269,0.021108437318214168,1.9411899076933878,0.27542827644889245
0,1631904673593,-0.9449465714672528,0.023784620336183077,1.9920009205193872,0.3115527084574403
0,1631904673718,-0.8824951297579134,0.025972428299042435,2.0406894978510874,0.3505138467158299
0,1631904673843,-0.8434436349947003,0.026789712790124976,2.0873360776434016,0.39185043340607184
0,1631904673968,-0.8190315080427725,0.027090804460518807,2.132294270186082,0.43500456563544476
0,1631904674093,-0.8037726057842206,0.027198576037582217,2.174606202170942,0.48078147390784665
0,1631904674218,-0.7942354179406003,0.02723493263235987,2.214420577728466,0.5287081271570927
0,1631904674343,-0.7882745633927574,0.027245652724499334,2.252170668625747,0.5782699158999779
0,1631904674468,2.286819932389444,0.6300728018027967,-0.7845489936202756,0.02724769136204753
0,1631904674593,2.3185908487748286,0.6836576177183876,-0.7822205005344097,0.02724715144461807
0,1631904674718,2.3479921183955272,0.7385748071763463,-0.7807651881513461,0.027246107063407958
0,1631904674843,2.373939071376698,0.795231608258045,-0.779855616384845,0.027245178595342427
0,1631904674968,2.396725967970248,0.8532045660552897,-0.7792871334623105,0.027244490697983546
0,1631904675093,2.416927089750842,0.9121270173565196,-0.7789318314205002,0.02724401875403339
0,1631904675218,2.43343570190014,0.9722139475224586,-0.7787097675619624,0.027243707385775764
0,1631904675343,2.446610356106508,1.0330946831572732,-0.7785709776185928,0.027243506374577824
0,1631904675468,2.4570769848866743,1.0944987453193096,-0.7784842338916704,0.027243378240586917
0,1631904675593,2.4637289425523785,1.1564571459274309,-0.778430019057557,0.0272432971795913
0,1631904675718,2.467801763443104,1.2186342330125686,-0.7783961347843723,0.027243246134752097
0,1631904675843,2.4681574998273406,1.28096425255955,-0.778374957112905,0.027243214082624756
0,1631904675968,2.465216250679356,1.343201036375425,-0.7783617210679546,0.027243193991803163
0,1631904676093,2.4596331848895274,1.4052540795687243,-0.77835344853975,0.027243181412289205
0,1631904676218,2.4503157702265876,1.4668794583449392,-0.7783482782095789,0.027243173541206138
0,1631904676343,2.4377230746295937,1.5278956240867523,-0.7783450467532054,0.027243168618307844
0,1631904676468,2.422521255803229,1.5883131525908676,-0.778343027092965,0.02724316554014041
0,1631904676593,2.403684484497402,1.6477219351662467,-0.7783417648053123,0.027243163615756055
0,1631904676718,2.381697558819441,1.7060138894843395,-0.7783409758755281,0.027243162412808927
0,1631904676843,2.3572200745990926,1.7633039007704374,-0.7783404827944128,0.027243161660886153
0,1631904676968,2.3293114054237374,1.819029184516438,-0.7783401746187156,0.027243161190902844
0,1631904677093,2.2991719771475165,1.8735750787944447,-0.7783399820089048,0.02724316089715095
0,1631904677218,2.265881859850648,1.9262803452996362,-0.7783398616277729,0.0272431607135512
0,1631904677343,2.2299145917396106,1.977166121504599,-0.7783397863895655,0.027243160598799453
0,1631904677468,2.1918626199610918,2.026508480973522,-0.778339739365686,0.027243160527078907
0,1631904677593,2.1509324673319794,2.073518778061257,-0.7783397099757613,0.027243160482253267
0,1631904677718,2.1075990935619253,2.1182903888077607,-0.7783396916070583,0.02724316045423712
0,1631904677843,2.0624129456595632,2.1611884454606987,-0.7783396801266189,0.027243160436727004
0,1631904677968,2.01472210006833,2.201317812112682,-0.7783396729513443,0.027243160425783133
0,1631904678093,1.9649871150770863,2.2388455863055072,-0.7783396684667978,0.027243160418943226
0,1631904678218,1.913699755883443,2.2742201580086405,-0.7783396656639561,0.027243160414668285
0,1631904678343,1.8603604586945033,2.3064614914784625,-0.77833966391218,0.02724316041199643
0,1631904678468,1.8057752733191734,2.336535234367288,-0.77833966281732,0.027243160410326556
0,1631904678593,1.7495147222095668,2.363388587849705,-0.7783396621330326,0.027243160409282867
0,1631904678718,1.6919651464459944,2.3872904606738716,-0.7783396617053527,0.027243160408630562
0,1631904678843,1.6334788749036666,2.4087888726517592,-0.7783396614380531,0.027243160408222854
0,1631904678968,1.5738018506117293,2.426790602715527,-0.7783396612709907,0.027243160407968044
0,1631904679093,1.5132847887073144,2.4416264201594466,-0.7783396611665768,0.0272431604078088
0,1631904679218,1.4521982646613647,2.453897297884894,-0.778339661101318,0.027243160407709258
0,1631904679343,-0.7783396610605313,0.027243160407647054
0,1631904679468,-0.7783396610350396,0.027243160407608182
0,1631904679593,-0.7783396610191072,0.02724316040758386
0,1631904679718,-0.7783396610091496,0.027243160407568686
0,1631904679843,-0.778339661002926,0.0272431604075592
0,1631904679968,-0.7783396609990363,0.02724316040755326
0,1631904680093,-0.7783396609966052,0.027243160407549552
0,1631904680218,-0.7783396609950857,0.02724316040754723
0,1631904680343,-0.7783396609941363,0.027243160407545788
0,1631904680468,-0.7783396609935427,0.02724316040754489
0,1631904680593,-0.7783396609931718,0.027243160407544317
0,1631904680718,-0.7783396609929399,0.027243160407543952
0,1631904680843,-0.7783396609927948,0.027243160407543737
0,1631904680968,-0.7783396609927042,0.027243160407543602
0,1631904681093,-0.7783396609926476,0.0272431604075435
0,1631904681218,-0.7783396609926121,0.027243160407543442
0,1631904681343,-0.7783396609925902,0.027243160407543432
0,1631904681468,-0.7783396609925763,0.027243160407543394
0,1631904681593,-0.7783396609925677,0.027243160407543394
0,1631904681718,-0.7783396609925621,0.02724316040754338
0,1631904681843,-0.7783396609925588,0.027243160407543373
0,1631904681968,-0.7783396609925567,0.027243160407543376
0,1631904682093,-0.7783396609925556,0.027243160407543352
0,1631904682218,-0.7783396609925548,0.027243160407543366
0,1631904682343,-0.7783396609925541,0.02724316040754337
0,1631904682468,-0.7783396609925538,0.02724316040754337
0,1631904682593,-0.7783396609925536,0.02724316040754337
0,1631904682718,-0.7783396609925535,0.02724316040754337
0,1631904682843,-0.7783396609925534,0.02724316040754337
0,1631904682968,-0.7783396609925534,0.027243160407543356
0,1631904683093,0.03444204825915027,1.4397549125352724,-0.7783396609925534,0.027243160407543356
0,1631904683218,0.021923048343976508,1.3786053024090146,-0.7783396609925534,0.027243160407543356
0,1631904683343,0.011196419658122583,1.317102954366645,-0.7783396609925534,0.027243160407543356
0,1631904683468,0.0022330289290841336,1.2553054946319309,-0.7783396609925534,0.027243160407543356
0,1631904683593,-0.005201141942189684,1.1932958203183461,-0.7783396609925534,0.027243160407543356
0,1631904683718,-0.011252170347744825,1.1311267400043865,-0.7783396609925534,0.027243160407543356
0,1631904683843,-0.01607000348840534,1.0688419523475265,-0.7783396609925534,0.027243160407543356
0,1631904683968,-0.01976982379239945,1.0064743843536648,-0.7783396609925534,0.027243160407543356
0,1631904684093,-0.02253917971129042,0.9440534432408751,-0.7783396609925534,0.027243160407543356
0,1631904684218,-0.02482471778823002,0.8816054456199058,-0.7783396609925534,0.027243160407543356
0,1631904684343,-0.025704606032173054,0.8425552981847108,-0.7783396609925534,0.027243160407543356
0,1631904684468,-0.02604537566389288,0.8181436923654611,-0.7783396609925534,0.027243160407543356
0,1631904684593,-0.026178149411393677,0.8028849896226293,-0.7783396609925534,0.027243160407543356
0,1631904684718,-0.02623020886024721,0.793347877107433,-0.7783396609925534,0.027243160407543356
0,1631904684843,-0.02625077237270817,0.7873870503571998,-0.7783396609925534,0.027243160407543356
0,1631904684968,-0.02625897434454144,0.7836614904296737,-0.7783396609925534,0.027243160407543356
0,1631904685093,-0.026262290839136337,0.781333000557481,-0.7783396609925534,0.027243160407543356
0,1631904685218,-0.026263658394913136,0.7798776890351747,-0.7783396609925534,0.027243160407543356
0,1631904685343,-0.026264238040766018,0.7789681173584074,-0.7783396609925534,0.027243160407543356
0,1631904685468,-0.026264492969131133,0.778399634316893,-0.7783396609925534,0.027243160407543356
0,1631904685593,-0.02626461039051827,0.778044332132344,-0.7783396609925534,0.027243160407543356
0,1631904685718,-0.026264667414329767,0.7778222681578869,-0.7783396609925534,0.027243160407543356
0,1631904685843,-0.026264696663295353,0.7776834781316351,-0.7783396609925534,0.027243160407543356
0,1631904685968,-0.026264712447810704,0.7775967343488367,-0.7783396609925534,0.027243160407543356
0,1631904686093,-0.02626472133818721,0.7775425194782087,-0.7783396609925534,0.027243160407543356
0,1631904686218,-0.026264726513856074,0.7775086351815809,-0.7783396609925534,0.027243160407543356
0,1631904686343,-0.026264729599897965,0.7774874574952187,-0.7783396609925534,0.027243160407543356
0,1631904686468,-0.026264731470569538,0.7774742214408642,-0.7783396609925534,0.027243160407543356
0,1631904686593,-0.026264732617042527,0.7774659489067447,-0.7783396609925534,0.027243160407543356
0,1631904686718,-0.026264733324722206,0.7774607785728624,-0.7783396609925534,0.027243160407543356
0,1631904686843,-0.026264733763558836,0.7774575471141635,-0.7783396609925534,0.027243160407543356
0,1631904686968,-0.026264734036478873,0.7774555274524677,-0.7783396609925534,0.027243160407543356
0,1631904687093,-0.026264734206525458,0.7774542651639045,-0.7783396609925534,0.027243160407543356
0,1631904687218,-0.026264734312598178,0.7774534762335511,-0.7783396609925534,0.027243160407543356
0,1631904687343,-0.026264734378812996,0.7774529831520799,-0.7783396609925534,0.027243160407543356
0,1631904687468,-0.02626473442016579,0.7774526749761599,-0.7783396609925534,0.027243160407543356
0,1631904687593,-0.02626473444599897,0.77745248236621,-0.7783396609925534,0.027243160407543356
0,1631904687718,-0.026264734462139883,0.7774523619849912,-0.7783396609925534,0.027243160407543356
0,1631904687843,-0.026264734472226048,0.7774522867467294,-0.7783396609925534,0.027243160407543356
0,1631904687968,-0.026264734478529138,0.7774522397228157,-0.7783396609925534,0.027243160407543356
0,1631904688093,-0.026264734482468303,0.7774522103328698,-0.7783396609925534,0.027243160407543356
0,1631904688218,-0.026264734484930153,0.7774521919641535,-0.7783396609925534,0.027243160407543356
0,1631904688343,-0.026264734486468787,0.7774521804837058,-0.7783396609925534,0.027243160407543356
0,1631904688468,-0.026264734487430396,0.7774521733084261,-0.7783396609925534,0.027243160407543356
0,1631904688593,-0.026264734488031367,0.7774521688238762,-0.7783396609925534,0.027243160407543356
0,1631904688718,-0.02626473448840698,0.7774521660210326,-0.7783357460483955,0.02684263257928298
0,1631904688843,-0.026264734488641788,0.7774521642692555,-0.7548970440258445,0.02653767267458358
0,1631904688968,-0.026264734488788525,0.7774521631743945,-0.7168127443065864,0.02626868880593426
0,1631904689093,-0.026264734488880268,0.7774521624901065,-0.6695746176663888,0.025873022645488825
0,1631904689218,-0.026264734488937548,0.7774521620624265,-0.6166167605756404,0.025214779678336685
0,1631904689343,-0.02626473448897337,0.7774521617951264,-0.5600844910352756,0.024382810176674617
0,1631904689468,-0.02626473448899576,0.7774521616280641,-0.5013206822237027,0.02329042035251553
0,1631904689593,-0.026264734489009768,0.7774521615236502,-0.44116161963462025,0.022082677937291594
0,1631904689718,-0.026264734489018463,0.7774521614583911,-0.3801313381891491,0.02075967987458933
0,1631904689843,-0.026264734489023975,0.7774521614176044,-0.31855793381454645,0.01931183111384403
0,1631904689968,-0.026264734489027428,0.7774521613921127,-0.2566432817981195,0.01786539261368377
0,1631904690093,-0.026264734489029596,0.7774521613761806,-0.19451554982779615,0.016411507007556052
0,1631904690218,-0.026264734489030907,0.7774521613662229,-0.13225507051739868,0.014936620879417578
0,1631904690343,-0.02626473448903171,0.7774521613599992,-0.06990969573413933,0.013531148172765198
0,1631904690468,-0.026264734489032243,0.7774521613561094,-0.0075120594884724124,0.012136482404006034
0,1631904690593,-0.026264734489032573,0.7774521613536785,0.05492000607374548,0.010829409209999316
0,1631904690718,-0.026264734489032788,0.7774521613521591,0.11737376980784832,0.009591803549154978
0,1631904690843,-0.02626473448903291,0.7774521613512093,0.17984125449246227,0.008407718703788125
0,1631904690968,-0.02626473448903297,0.7774521613506159,0.2423185395428746,0.007325508047827456
0,1631904691093,-0.026264734489033062,0.7774521613502451,0.304802154768366,0.00632713100407712
0,1631904691218,-0.026264734489033055,0.7774521613500132,0.3672899403565871,0.005398197925954568
0,1631904691343,-0.026264734489033034,0.7774521613498682,0.42978104984567905,0.004566229339280755
0,1631904691468,-0.026264734489033006,0.7774521613497775,0.49227422255104625,0.0038007549874757105
0,1631904691593,-0.026264734489033048,0.777452161349721,0.5547691749098287,0.0031223142499476517
0,1631904691718,-0.026264734489033097,0.7774521613496855,0.61726617882592,0.0026122339720992295
0,1631904691843,-0.026264734489033107,0.7774521613496633,0.6797637091313752,0.0021549802502565615
0,1631904691968,-0.02626473448903313,0.7774521613496497,0.7422631182646418,0.0020943382629937664
0,1631904692093,-0.026264734489033156,0.7774521613496409,0.8047597967415974,0.0025164735610376616
0,1631904692218,-0.026264734489033142,0.7774521613496355,0.8672523206056647,0.0031303455228532894
0,1631904692343,-0.02626473448903308,0.7774521613496321,0.9297275796456302,0.004722726297581439
0,1631904692468,-0.026264734489033114,0.77745216134963,0.9921889059853713,0.006637274917565911
0,1631904692593,-0.026264734489033128,0.7774521613496286,1.0545969364619605,0.009849278337052361
0,1631904692718,-0.02626473448903313,0.7774521613496279,1.116919456520671,0.014269489119819758
0,1631904692843,-0.02626473448903314,0.7774521613496274,1.1791729770764898,0.019459220619765384
0,1631904692968,-0.02626473448903313,0.777452161349627,1.241234888893676,0.026592292296342288
0,1631904693093,-0.026264734489033142,0.7774521613496268,1.3030517345646386,0.0354666605024233
0,1631904693218,-0.026264734489033156,0.7774521613496268,1.3646674398900522,0.04556637656670901
0,1631904693343,-0.026264734489033142,0.7774521613496266,1.425829030125991,0.058145381115619656
0,1631904693468,-0.026264734489033142,0.7774521613496266,1.4864744214656425,0.07290510782211727
0,1631904693593,-0.026264734489033142,0.7774521613496266,1.5466916223494922,0.08927391947112533
0,1631904693718,-0.026264734489033142,0.7774521613496266,1.606067606533382,0.10849645876953601
0,1631904693843,-0.026264734489033142,0.7774521613496266,1.6645524549808333,0.1301956415956384
0,1631904693968,-0.026264734489033142,0.7774521613496266,1.722294903988579,0.15376732565312468
0,1631904694093,-0.026264734489033142,0.7774521613496266,1.7787140990105352,0.18037917599741868
0,1631904694218,-0.026264734489033142,0.7774521613496266,1.8337951272788249,0.20959545079671923
0,1631904694343,-0.026264734489033142,0.7774521613496266,1.8877612275842708,0.24080334251262214
0,1631904694468,-0.026264734489033142,0.7774521613496266,1.9398746320300524,0.27504461775023353
0,1631904694593,-0.026264734489033142,0.7774521613496266,1.9907150224404417,0.3111281237556947
0,1631904694718,-0.026264734489033142,0.7774521613496266,2.0394362297927096,0.35004883153059946
0,1631904694843,-0.026264734489033142,0.7774521613496266,2.086118561724363,0.391345358314984
0,1631904694968,-0.026264734489033142,0.7774521613496266,2.1311156909646263,0.43445916322832634
0,1631904695093,-0.026264734489033142,0.7774521613496266,2.173469456412557,0.48019761793931776
0,1631904695218,-0.026264734489033142,0.7774521613496266,2.213328408881496,0.5280873846594962
0,1631904695343,-0.026264734489033142,0.7774521613496266
0,1631904695468,-0.026264734489033142,0.7774521613496266
0,1631904695593,-0.026264734489033142,0.7774521613496266
0,1631904695718,-0.026264734489033142,0.7774521613496266
0,1631904695843,-0.026264734489033142,0.7774521613496266
0,1631904695968,-0.026264734489033142,0.7774521613496266
0,1631904696093,-0.026264734489033142,0.7774521613496266
0,1631904696218,-0.026264734489033142,0.7774521613496266
0,1631904696343,-0.026264734489033142,0.7774521613496266
0,1631904696468,-0.026264734489033142,0.7774521613496266
0,1631904696593,-0.026264734489033142,0.7774521613496266
0,1631904696718,-0.026264734489033142,0.7774521613496266
0,1631904696843,-0.026264734489033142,0.7774521613496266
0,1631904696968,-0.026264734489033142,0.7774521613496266,2.46664536215458,1.342145586853115
0,1631904697093,-0.026264734489033142,0.7774521613496266,2.461232201192977,1.404207078695797
0,1631904697218,-0.026264734489033142,0.7774521613496266,2.4520419058539833,1.4658460075106285
0,1631904697343,-0.026264734489033142,0.7774521613496266,2.439538264806398,1.5268756291607506
0,1631904697468,-0.026264734489033142,0.7774521613496266,2.4243903255226855,1.5873026731918194
0,1631904697593,-0.026264734489033142,0.7774521613496266,2.40558541584625,1.6467182349490965
0,1631904697718,-0.026264734489033142,0.7774521613496266,2.3836110736913128,1.7050122403958097
0,1631904697843,-0.026264734489033142,0.7774521613496266,2.3591285103156463,1.7622980247551576
0,1631904697968,-0.026264734489033142,0.7774521613496266,2.331207497436587,1.8180154982345351
0,1631904698093,-0.026264734489033142,0.7774521613496266,2.301045674379607,1.8725479030489913
0,1631904698218,-0.026264734489033142,0.7774521613496266,2.2677319911589784,1.9252374632998952
0,1631904698343,-0.026264734489033142,0.7774521613496266,2.231740079244601,1.976105484709936
0,1631904698468,-0.026264734489033142,0.7774521613496266,2.193662449654455,2.025428108761643
0,1631904698593,-0.026264734489033142,0.7774521613496266,2.1527110086162566,2.072420085969753
0,1631904698718,-0.026264734489033142,0.7774521613496266,2.1093599072630593,2.1171751755553445
0,1631904698843,-0.026264734489033142,0.7774521613496266,2.064159224058278,2.1600588404468457
0,1631904698968,-0.026264734489033142,0.7774521613496266,2.0164594105295417,2.200178551750871
0,1631904699093,-0.026264734489033142,0.7774521613496266,1.9667198655138274,2.237701644489023
0,1631904699218,-0.02586334032381144,0.777447586652403,1.9154318764815517,2.273076866600026
0,1631904699343,-0.02559521583809721,0.7540084200029213,1.8620960553314696,2.305325568777957
0,1631904699468,-0.02538343040499097,0.7159237515356549,1.8075175519362943,2.3354132445390716
0,1631904699593,-0.025056527173473925,0.6686851220018588,1.7512661700088314,2.3622876946380877
0,1631904699718,1.6937273561601656,2.386217701345847,-0.0244742098220527,0.6157264137753613
0,1631904699843,1.6352532709821552,2.4077516666347014,-0.023717831758018344,0.559193122983383
0,1631904699968,1.5755881911375043,2.4257956086057066,-0.02270113478805233,0.5004279936615513
0,1631904700093,1.515082309655035,2.4406801025823976,-0.021564546664240323,0.4402675780983488
0,1631904700218,1.4540062655507613,2.453006571320809,-0.02030833990737233,0.37923590949996006
0,1631904700343,-0.018923318505965073,0.31766107484127903
0,1631904700468,-0.01753359097734766,0.25574513445763447
0,1631904700593,-0.016131136603860334,0.19361622145857782
0,1631904700718,-0.014703080638239843,0.13135464643113773
0,1631904700843,-0.013338906291078322,0.06900834936393792
0,1631904700968,-0.011981347169898793,0.006609886646554512
0,1631904701093,-0.010706627499497755,-0.055822855857424095
0,1631904701218,-0.009497315354570756,-0.11827718474424051
0,1631904701343,-0.008337947239540592,-0.180745144198623
0,1631904701468,-0.007276805832286411,-0.24322280036772137
0,1631904701593,-0.006296365661523916,-0.30570670971499164
0,1631904701718,-0.005382583607422405,-0.3681947278723893
0,1631904701843,-0.004563159941698958,-0.4306860107516073
0,1631904701968,-0.003807968115017382,-0.4931793153126719
0,1631904702093,-0.0031544613260469337,-0.5556745322441597
0,1631904702218,-0.00272077956979095,-0.6181720923769417
0,1631904702343,-0.00233999981781796,-0.6806699178858184
0,1631904702468,-0.002433100303346638,-0.7431690670735258
0,1631904702593,-0.0026214976449870234,-0.8056666372721745
0,1631904702718,-0.003571646488312873,-0.868157351447649
0,1631904702843,-0.0047266570440356506,-0.9306412470875609
0,1631904702968,-0.006965528156050115,-0.9930956600691361
0,1631904703093,-0.010237621810344287,-1.0554956433826927
0,1631904703218,-0.014132854042500859,-1.1178516158122178
0,1631904703343,-0.019774851593485923,-1.1800743701903675
0,1631904703468,-0.026995865416594326,-1.2421162159119004
0,1631904703593,-0.03530237818878075,-1.3040100776112629
0,1631904703718,-0.045932678689632564,-1.3655502087326916
0,1631904703843,-0.05861724481526841,-1.4266750628814078
0,1631904703968,-0.07279971937982903,-1.487456155301763
0,1631904704093,0.03399613131533812,1.442010085964342,-0.08973561318924024,-1.5475349149576048
0,1631904704218,0.021500864470890738,1.3808560378051953,-0.10907103526428594,-1.6068547659622796
0,1631904704343,0.01080273862034346,1.319348960054856,-0.13020954663078899,-1.6655428041720555
0,1631904704468,0.0018685852147840825,1.2575474012712031,-0.1543497696198971,-1.7230728204196972
0,1631904704593,-0.005535638909342447,1.1955341692049963,-0.18107259122178676,-1.7794160051890502
0,1631904704718,-0.011556248898673726,1.1333621083958043,-0.20976515253043093,-1.8347700142488625
0,1631904704843,-0.016345341805804596,1.0710750581048103,-0.2415144495794793,-1.8884464429492291
0,1631904704968,-0.02001728615693758,1.0087057785883482,-0.2751104964443402,-1.9409715974942774
0,1631904705093,-0.022761000742233955,0.9462836400807338,-0.31160081767821024,-1.9915456725256404
0,1631904705218,-0.02502148348206263,0.8838346801130805,-0.35052860746625164,-2.040227588415716
0,1631904705343,-0.025887100965008736,0.8447842007678921,-0.39132289994183306,-2.087343785961606
0,1631904705468,-0.026219545601195684,0.8203724799190074,-0.4348500323482012,-2.1319723869296223
0,1631904705593,-0.026347360789151487,0.8051137378911399,-0.48063425444935254,-2.174238008708365
0,1631904705718,-0.026396419639901816,0.7955766126588457,-0.5281413355007073,-2.2145476174277343
0,1631904705843,-0.026415146965584266,0.7896157823567105,-0.5780408329271164,-2.2518897356855323
0,1631904705968,-0.026422216798608684,0.7858902218700659,-0.629864207611065,-2.2864624932706286
0,1631904706093,-0.02642483179365643,0.7835617322832449,-0.683136542292166,-2.3187509111959126
0,1631904706218,-0.02642576329999806,0.7821064211838481,-0.7383284949539243,-2.347685327611922
0,1631904706343,-0.026426071350101797,0.7811968498660878,-0.7950015838040423,-2.373537301967468
0,1631904706468,-0.02642615689700489,0.7806283670857355,-0.8527591620669909,-2.3968614876223944
0,1631904706593,-0.026426168598043972,0.7802730650787304,-0.9118780915736171,-2.416557304546991
0,1631904706718,-0.02642615960255797,0.7800510012208188,-0.971968251104773,-2.432963573630533
0,1631904706843,-0.026426147611315065,0.7799122112695851,-1.0327258269499562,-2.446691623727884
0,1631904706968,-0.026426137629238147,0.7798254675345225,-1.0942416125951995,-2.456633076024628
0,1631904707093,-0.02642613041883018,0.7797712526940614,-1.1561134127219108,-2.4640068747252935
0,1631904707218,-0.0264261255328119,0.779737368416417,-1.2183361029982562,-2.467669158573145
0,1631904707343,-0.026426122330808405,0.7797161907419704,-1.280640481933826,-2.468027357970008
0,1631904707468,-0.026426120271650477,0.7797029546950827,-1.3429009756750478,-2.4657315524043737
0,1631904707593,-0.026426118962057647,0.7796946821656376,-1.4049310368034122,-2.4596758778509047
0,1631904707718,-0.02642611813472667,0.7796895118346799,-1.4665242172641906,-2.45031021497316
0,1631904707843,-0.026426117614193435,0.77968628037781,-1.5276555241434822,-2.438300872355078
0,1631904707968,-0.026426117287512027,0.7796842607172579,-1.5879685212658197,-2.4226015338957447
0,1631904708093,-0.026426117082809505,0.7796829984294097,-1.647329175809952,-2.403691592316567
0,1631904708218,-0.026426116954664736,0.7796822094995032,-1.7058172737122845,-2.382236135259266
0,1631904708343,-0.026426116874493862,0.7796817164183112,-1.7629194821247114,-2.3572671193509396
0,1631904708468,-0.026426116824355698,0.7796814082425659,-1.8189575524012997,-2.330003728120068
0,1631904708593,-0.026426116793007073,0.7796812156327251,-1.8733189178553813,-2.2994939551021876
0,1631904708718,-0.026426116773409444,0.7796810952515746,-1.92599977048129,-2.266212355320843
0,1631904708843,-0.026426116761159062,0.7796810200133555,-1.977244711237637,-2.230765011158745
0,1631904708968,-0.02642611675350186,0.7796809729894685,-2.0263076728889757,-2.1923200390346795
0,1631904709093,-0.026426116748715794,0.7796809435995393,-2.0732571199584626,-2.151356905659203
0,1631904709218,-0.026426116745724405,0.7796809252308334,-2.1184288784913234,-2.1084441966524547
0,1631904709343,-0.026426116743854786,0.7796809137503921,-2.160963501916493,-2.0628859801267097
0,1631904709468,-0.026426116742686197,0.7796809065751165,-2.2010039322835717,-2.015150921940507
0,1631904709593,-0.026426116741955885,0.779680902090569,-2.2389722309742077,-1.9657531796393
0,1631904709718,-0.026426116741499413,0.779680899287727,-2.2739165034126803,-1.9141444567169994
0,1631904709843,-0.026426116741214117,0.7796808975359506,-2.3067586551234456,-1.861178910973365
0,1631904709968,-0.026426116741035826,0.7796808964410904,-2.336470679251395,-1.8063744104301571
0,1631904710093,-0.026426116740924405,0.7796808957568027,-2.3633010276130078,-1.7501304979302437
0,1631904710218,-0.026426116740854776,0.7796808953291231,-2.3877784391495407,-1.6928271111727777
0,1631904710343,-0.026426116740811276,0.779680895061823,-2.4088255027784395,-1.6341549114002027
0,1631904710468,-0.026426116740784062,0.7796808948947609,-2.4267542411356153,-1.5744809726044666
0,1631904710593,-0.02642611674076709,0.7796808947903469,-2.442150473950506,-1.5141063169447018
0,1631904710718,-0.026426116740756483,0.7796808947250881
0,1631904710843,-0.026426116740749836,0.7796808946843012
0,1631904710968,-0.026426116740745714,0.7796808946588096
0,1631904711093,-0.0264261167407431,0.7796808946428774
0,1631904711218,-0.026426116740741454,0.7796808946329197
0,1631904711343,-0.02642611674074044,0.7796808946266961
0,1631904711468,-0.02642611674073982,0.7796808946228063
0,1631904711593,-0.026426116740739417,0.7796808946203753
0,1631904711718,-0.02642611674073921,0.7796808946188559
0,1631904711843,-0.026426116740739084,0.7796808946179062
0,1631904711968,-0.026426116740739025,0.7796808946173128
0,1631904712093,-0.026426116740738984,0.7796808946169419
0,1631904712218,-0.026426116740738904,0.77968089461671
0,1631904712343,-0.026426116740738848,0.7796808946165651
0,1631904712468,-0.02642611674073887,0.7796808946164746
0,1631904712593,-0.026426116740738897,0.7796808946164179
0,1631904712718,-0.026426116740738918,0.7796808946163826
0,1631904712843,-0.02642611674073895,0.7796808946163604
0,1631904712968,-0.02642611674073894,0.7796808946163467
0,1631904713093,-0.026426116740738973,0.7796808946163377
0,1631904713218,-0.026426116740738956,0.7796808946163325
0,1631904713343,-0.02642611674073891,0.7796808946163292
0,1631904713468,-0.026426116740738945,0.7796808946163271
0,1631904713593,-0.02642611674073895,0.7796808946163256
0,1631904713718,-0.02642611674073896,0.779680894616325
0,1631904713843,-0.026426116740738966,0.7796808946163244
0,1631904713968,-0.02642611674073897,0.7796808946163241
0,1631904714093,-0.026426116740738977,0.7796808946163236
0,1631904714218,-0.026426116740738977,0.7796808946163236
0,1631904714343,-0.026426116740738977,0.7796808946163235
0,1631904714468,-0.026426116740738977,0.7796808946163235
0,1631904714593,-0.026426116740738977,0.7796808946163235,-1.4413404714045737,-0.033109239026185254
0,1631904714718,-0.026426116740738977,0.7796808946163235,-1.3802019140922877,-0.020549847766067934
0,1631904714843,-0.026426116740738977,0.7796808946163235,-1.3187033476867682,-0.00981355111604151
0,1631904714968,-0.026426116740738977,0.7796808946163235,-1.2569059823405302,-0.000860469998666482
0,1631904715093,-0.026426116740738977,0.7796808946163235,-1.1948940000651882,0.006545234609423713
0,1631904715218,-0.026426116740738977,0.7796808946163235,-1.1327212444910824,0.01255044245559886
0,1631904715343,-0.026426116740738977,0.7796808946163235,-1.0704328294185617,0.01731394670430505
0,1631904715468,-0.026426116740738977,0.7796808946163235,-1.0080617448819427,0.02094790923451366
0,1631904715593,-0.026426116740738977,0.7796808946163235,-0.9456380019081605,0.023647839431852072
0,1631904715718,-0.026426116740738977,0.7796808946163235,-0.8831874242524899,0.02585894104242057
0,1631904715843,-0.026426116740738977,0.7796808946163235,-0.8441362225803191,0.026689633671227894
0,1631904715968,-0.026426116740738977,0.7796808946163235,-0.81972419548074,0.026998685079661522
0,1631904716093,-0.026426116740738977,0.7796808946163235,-0.8044653261046365,0.027111275098852566
0,1631904716218,-0.026426116740738977,0.7796808946163235,-0.7949281479873138,0.027150584143440185
0,1631904716343,-0.026426116740738977,0.7796808946163235,-0.7889672954577484,0.027163126948400427
0,1631904716468,-0.026426116740738977,0.7796808946163235,-0.7852417254007236,0.02716629609233822
0,1631904716593,-0.026426116740738977,0.7796808946163235,-0.7829132315428255,0.02716645937850275
0,1631904716718,-0.026426116740738977,0.7796808946163235,-0.7814579184474857,0.027165853193602096
0,1631904716843,-0.026426116740738977,0.7796808946163235,-0.7805483461466337,0.027165198089985913
0,1631904716968,-0.026426116740738977,0.7796808946163235,-0.7799798628554337,0.02716468084733716
0,1631904717093,-0.026426116740738977,0.7796808946163235,-0.7796245605696884,0.02716431548532247
0,1631904717218,-0.026426116740738977,0.7796808946163235,-0.7794024965534185,0.027164070700623127
0,1631904717343,-0.026426116740738977,0.7796808946163235,-0.7792637065094087,0.027163911292377926
0,1631904717468,-0.026426116740738977,0.7796808946163235,-0.7791769627187829,0.027163809155636043
0,1631904717593,-0.026426116740738977,0.7796808946163235,-0.779122747844541,0.027163744341126
0,1631904717718,-0.026426116740738977,0.7796808946163235,-0.7790888635461538,0.027163703449639153
0,1631904717843,-0.026426116740738977,0.7796808946163235,-0.779067685858887,0.02716367774308317
0,1631904717968,-0.026426116740738977,0.7796808946163235,-0.779054449804043,0.027163661618136728
0,1631904718093,-0.026426116740738977,0.7796808946163235,-0.7790461772696478,0.02716365151725295
0,1631904718218,-0.026426116740738977,0.7796808946163235,-0.7790410069356045,0.027163645195297452
0,1631904718343,-0.026426116740738977,0.7796808946163235,-0.7790377754768097,0.0271636412405975
0,1631904718468,-0.026426116740738977,0.7796808946163235,-0.7790357558150557,0.02716363876755153
0,1631904718593,-0.026426116740738977,0.7796808946163235,-0.7790344935264568,0.02716363722136713
0,1631904718718,-0.026426116740738977,0.7796808946163235,-0.7790337045960812,0.027163636254794583
0,1631904718843,-0.026426116740738977,0.7796808946163235,-0.7790332115145963,0.027163635650605766
0,1631904718968,-0.026426116740738977,0.7796808946163235,-0.7790329033386679,0.02716363527295615
0,1631904719093,-0.026426116740738977,0.7796808946163235,-0.7790327107287128,0.02716363503691277
0,1631904719218,-0.026426116740738977,0.7796808946163235,-0.7790325903474906,0.02716363488938085
0,1631904719343,-0.026426116740738977,0.7796808946163235,-0.7790325151092268,0.027163634797171488
0,1631904719468,-0.026426116740738977,0.7796808946163235,-0.7790324680853119,0.027163634739539904
0,1631904719593,-0.026426116740738977,0.7796808946163235,-0.7790324386953652,0.027163634703519877
0,1631904719718,-0.026426116740738977,0.7796808946163235,-0.7790324203266485,0.027163634681007274
0,1631904719843,-0.026426116740738977,0.7796808946163235,-0.7790324088462005,0.027163634666936817
0,1631904719968,-0.026426116740738977,0.7796808946163235,-0.7790324016709205,0.02716363465814279
0,1631904720093,-0.026426116740738977,0.7796808946163235,-0.7790323971863705,0.02716363465264651
0,1631904720218,-0.026026206820461684,0.7796764695788956,-0.7790323943835269,0.027163634649211316
0,1631904720343,-0.02575234871819932,0.7562373938292329,-0.7790323926317495,0.027163634647064342
0,1631904720468,-0.025530847086418465,0.718152777063374,-0.7790323915368886,0.027163634645722478
0,1631904720593,-0.025192461583700077,0.670914214881868,-0.7790323908526006,0.027163634644883795
0,1631904720718,-0.7790323904249207,0.027163634644359624,-0.02459829053470222,0.6179556230727854
0,1631904720843,-0.7790323901576205,0.027163634644032028,-0.023830525752988666,0.5614224708572987
0,1631904720968,-0.7790323899905581,0.027163634643827282,-0.02280335889611707,0.5026575119388546
0,1631904721093,-0.779032389886144,0.027163634643699298,-0.021657320901734837,0.44249726631711234
0,1631904721218,-0.7790323898208852,0.02716363464361932,-0.020392740991933077,0.3814657652928577
0,1631904721343,-0.7790323897800983,0.02716363464356933,-0.019000444843515995,0.3198910916291236
0,1631904721468,-0.7790323897546068,0.027163634643538093,-0.017604328961803976,0.25797529308120914
0,1631904721593,-0.7790323897386743,0.027163634643518567,-0.016196317904496858,0.19584650559728106
0,1631904721718,-0.7790323897287166,0.027163634643506365,-0.014763479700275948,0.1335850409162678
0,1631904721843,-0.7790323897224929,0.027163634643498732,-0.013395083244885454,0.07123883702735469
0,1631904721968,-0.7790323897186034,0.027163634643493965,-0.01203387447211446,0.008840454675072213
0,1631904722093,-0.7790323897161721,0.027163634643490978,-0.010755883812692194,-0.05359222013045465
0,1631904722218,-0.7790323897146527,0.027163634643489122,-0.009543648294458985,-0.1160464914488469
0,1631904722343,-0.7790323897137031,0.027163634643487953,-0.008381650063314528,-0.17851440127616477
0,1631904722468,-0.7790323897131096,0.027163634643487228,-0.007318069366524479,-0.24099201536355047
0,1631904722593,-0.7790323897127386,0.027163634643486763,-0.006335359333369683,-0.3034758885489898
0,1631904722718,-0.7790323897125068,0.0271636346434865,-0.00541942808548807,-0.3659638748657947
0,1631904722843,-0.779032389712362,0.0271636346434863,-0.004597951612500963,-0.42845513052870915
0,1631904722968,-0.7790323897122712,0.027163634643486197,-0.0038407605152028105,-0.4909484107102621
0,1631904723093,-0.7790323897122146,0.02716363464348612,-0.0031852970975166472,-0.5534436070328024
0,1631904723218,-0.7790323897121791,0.02716363464348609,-0.002749321535136077,-0.6159411509721865
0,1631904723343,-0.779032389712157,0.027163634643486072,-0.0023662532415026573,-0.6784389638330123
0,1631904723468,-0.7790323897121434,0.027163634643486045,-0.002456103347534309,-0.7409381188998537
0,1631904723593,-0.7790323897121346,0.027163634643486034,-0.0026410232790167296,-0.8034357077228869
0,1631904723718,-0.7790323897121293,0.027163634643486024,-0.0035859795346705058,-0.8659265094712763
0,1631904723843,-0.7790323897121259,0.027163634643486013,-0.004735115460008927,-0.928410539551893
0,1631904723968,-0.7790323897121237,0.027163634643486024,-0.006965586760424873,-0.9908652815606919
0,1631904724093,-0.7790323897121226,0.027163634643486024,-0.010226869817599307,-1.0532659017275579
0,1631904724218,-0.7790323897121216,0.027163634643486013,-0.01410927311596826,-1.1156227850674718
0,1631904724343,-0.7790323897121211,0.027163634643486017,-0.01973466074092821,-1.1778471584343235
0,1631904724468,-0.779032389712121,0.027163634643486017,-0.026935575623077218,-1.239891529032345
0,1631904724593,-0.7790323897121206,0.027163634643486017,-0.03521870994986165,-1.3017887637925738
0,1631904724718,-0.7790323897121206,0.027163634643486017,-0.045821247589348475,-1.3633339248296543
0,1631904724843,-0.7790323897121204,0.027163634643486017,-0.05847404063043695,-1.424465688545813
0,1631904724968,-0.7790323897121204,0.027163634643486017,-0.07262071037245696,-1.485255495016162
0,1631904725093,-0.7790323897121204,0.027163634643486017,-0.08951666831148129,-1.5453458625883365
0,1631904725218,-0.7790323897121204,0.027163634643486017,-0.10880838967230197,-1.6046803755389294
0,1631904725343,-0.7790323897121204,0.027163634643486013,-0.12989916608437693,-1.663386049359878
0,1631904725468,-0.7790323897121204,0.027163634643486013,-0.15398863947681218,-1.720937787404578
0,1631904725593,-0.7790323897121204,0.027163634643486013,-0.1806579628590819,-1.7773068089678254
0,1631904725718,-0.7790323897121204,0.027163634643486013,-0.20929376733115934,-1.8326907018716188
0,1631904725843,-0.7790323897121204,0.027163634643486013,-0.24098507286472431,-1.8864018796059763
0,1631904725968,-0.7790323897121204,0.027163634643486013,-0.2745204273778068,-1.938966291991745
0,1631904726093,-0.7790323897121204,0.027163634643486013,-0.3109499847320234,-1.9895846366707177
0,1631904726218,-0.7790323897121204,0.027163634643486013,-0.3498168595414285,-2.0383156670000826
0,1631904726343,-0.7790323897121204,0.027163634643486013,-0.39054918691821183,-2.0854858871263673
0,1631904726468,-0.7790323897121204,0.027163634643486013,-0.43401645916920584,-2.1301732403517444
0,1631904726593,-0.7790323897121204,0.027163634643486013,-0.4797425688796876,-2.1725021113320104
0,1631904726718,-0.7790323897121204,0.027163634643486013,-0.5271922298673725,-2.2128796365548054
0,1631904726843,-0.7790323897121204,0.027163634643486013
0,1631904726968,-0.7790323897121204,0.027163634643486013
0,1631904727093,-0.7790323897121204,0.027163634643486013
0,1631904727218,-0.7790323897121204,0.027163634643486013
0,1631904727343,-0.7790323897121204,0.027163634643486013
0,1631904727468,-0.7790323897121204,0.027163634643486013
0,1631904727593,-0.7790323897121204,0.027163634643486013
0,1631904727718,-0.7790323897121204,0.027163634643486013
0,1631904727843,-0.7790323897121204,0.027163634643486013
0,1631904727968,-0.7790323897121204,0.027163634643486013
0,1631904728093,-0.7790323897121204,0.027163634643486013
0,1631904728218,-0.7790323897121204,0.027163634643486013
0,1631904728343,-0.7790323897121204,0.027163634643486013
0,1631904728468,-1.3412929714309887,-2.4671004509305527,-0.7790323897121204,0.027163634643486013
0,1631904728593,-1.4033326307286424,-2.4612023615453302,-0.7790323897121204,0.027163634643486013
0,1631904728718,-1.4649388167978306,-2.451955319644733,-0.7790323897121204,0.027163634643486013
0,1631904728843,-1.5260822372666378,-2.440028666035173,-0.7790323897121204,0.027163634643486013
0,1631904728968,-1.5864072586945357,-2.424388505402879,-0.7790323897121204,0.027163634643486013
0,1631904729093,-1.6457774300277097,-2.4055171060278004,-0.7790323897121204,0.027163634643486013
0,1631904729218,-1.704270674295124,-2.3840814553794223,-0.7790323897121204,0.027163634643486013
0,1631904729343,-1.7613759651454768,-2.3591233103858222,-0.7790323897121204,0.027163634643486013
0,1631904729468,-1.8174127844314976,-2.3318597414921753,-0.7790323897121204,0.027163634643486013
0,1631904729593,-1.8717716491872805,-2.301347042872978,-0.7790323897121204,0.027163634643486013
0,1631904729718,-1.9244487498042762,-2.2680601463072483,-0.7790323897121204,0.027163634643486013
0,1631904729843,-1.975688654634989,-2.2326055681360293,-0.7790323897121204,0.027163634643486013
0,1631904729968,-2.0247483944219837,-2.1941563071690875,-0.7790323897121204,0.027163634643486013
0,1631904730093,-2.0716967412757263,-2.1531913193080343,-0.7790323897121204,0.027163634643486013
0,1631904730218,-2.1168698303427895,-2.110279189920651,-0.7790323897121204,0.027163634643486013
0,1631904730343,-2.159410595852167,-2.0647258996359925,-0.7790323897121204,0.027163634643486013
0,1631904730468,-2.1994622065268827,-2.0169992379807344,-0.7790323897121204,0.027163634643486013
0,1631904730593,-2.2374471165062735,-1.9676132300115272,-0.7790323897121204,0.027163634643486013
0,1631904730718,-2.272414638082622,-1.9160193065921174,-0.7790283352374502,0.026761950168516534
0,1631904730843,-2.305286678680744,-1.8630713389597546,-0.7555895383127653,0.026462947324669802
0,1631904730968,-2.3350356390548197,-1.8082859956424004,-0.7175051731455463,0.026203664587881464
0,1631904731093,-2.36190989931282,-1.7520621559821123,-0.6702669633075516,0.025819462342008135
0,1631904731218,-2.386438678081618,-1.6947798802510365,-0.6173089703914573,0.025173362626273496
0,1631904731343,-2.407543617783193,-1.636127696981985,-0.560776544923909,0.02435296818123986
0,1631904731468,-2.425536611043227,-1.576472367909568,-0.50201254393344,0.02327155032350823
0,1631904731593,-2.441004041844219,-1.5161152410889527,-0.44185329467452905,0.02207358064120433
0,1631904731718,-0.3808228319535897,0.0207592260160683
